
hRow =

    0.0276    0.0663    0.1238    0.1802    0.2042    0.1802    0.1238    0.0663    0.0276


hCol =

    0.0038
    0.0043
    0.0049
    0.0055
    0.0062
    0.0069
    0.0077
    0.0086
    0.0095
    0.0104
    0.0114
    0.0124
    0.0135
    0.0146
    0.0157
    0.0168
    0.0180
    0.0191
    0.0202
    0.0212
    0.0222
    0.0232
    0.0241
    0.0249
    0.0256
    0.0263
    0.0268
    0.0272
    0.0275
    0.0277
    0.0278
    0.0277
    0.0275
    0.0272
    0.0268
    0.0263
    0.0256
    0.0249
    0.0241
    0.0232
    0.0222
    0.0212
    0.0202
    0.0191
    0.0180
    0.0168
    0.0157
    0.0146
    0.0135
    0.0124
    0.0114
    0.0104
    0.0095
    0.0086
    0.0077
    0.0069
    0.0062
    0.0055
    0.0049
    0.0043
    0.0038
